-89.425,-178.72,-178.62,-176.01
8.6875,24.196,38.701,-152.04
104.95,218.63,237.37,-13.169
121.53,247.16,256.08,133.55
32.222,59.574,49.292,182.86
-85.689,-180.86,-201.18,69.252
-124.91,-256.2,-269.98,-83.558
-83.732,-166.74,-165.37,-179.8
33.869,75.642,92.493,-130.23
125.72,260.54,280.08,18.045

INSERT INTO ecg VALUES
 (13,'Johnson','New York','10/5/2015',
	'(-89.425,-178.72),(-178.62,-176.01)',
	'(8.6875,24.196),(38.701,-152.04)',
	'(104.95,218.63),(237.37,-13.169)',
	'(121.53,247.16),(256.08,133.55)',
	'(32.222,59.574),(49.292,182.86)',
	'(-85.689,-180.86),(-201.18,69.252)',
	'(-124.91,-256.2),(-269.98,-83.558)',
	'(-83.732,-166.74),(-165.37,-179.8)',
	'(33.869,75.642),(92.493,-130.23)',
	'(125.72,260.54),(280.08,18.045)');